
3.3 Most contributive individuals

> res.hcpc$desc.ind$para
Cluster: 1
   738808    592410    889139     97334     13259 
0.3521604 0.3523171 0.3582961 0.3585844 0.3592913 
------------------------------------------------------------------------------------------- 
Cluster: 2
  1443008   1380567     21302    709841    237899 
0.5851170 0.5881735 0.5928914 0.5928914 0.5944990 
------------------------------------------------------------------------------------------- 
Cluster: 3
      254126       497790       954821        44581        91366 
0.0005449681 0.0005449681 0.0005449681 0.0030427364 0.0030427364 
------------------------------------------------------------------------------------------- 
Cluster: 4
  1088644   1386416    376007    479976    196517 
0.4334834 0.4334834 0.4334884 0.4334884 0.4335081 
> res.hcpc$desc.ind$dist
Cluster: 1
   41800   246241  1137439  1313893   199212 
12.00761 11.83284 10.52089 10.36058  9.95005 
------------------------------------------------------------------------------------------- 
Cluster: 2
   476044    926051    604419    883203   1411685 
13.408579  9.926971  9.135044  8.340868  8.308579 
------------------------------------------------------------------------------------------- 
Cluster: 3
 1355689  1010565   499467   459314   867934 
1.986884 1.985641 1.984124 1.983630 1.983630 
------------------------------------------------------------------------------------------- 
Cluster: 4
 1392299   642269   308322  1371482  1247320 
6.987169 2.828260 2.820927 2.820927 2.816482 
